105 none
1 1419102743 56.3222777778 -130.805944444
2 1419102744 56.2626111111 -130.839388889
3 1419102745 56.2029444444 -130.872722222
4 1419102746 56.1432777778 -130.905972222
5 1419102747 56.0835833333 -130.939138889
6 1419102748 56.0239166667 -130.972222222
7 1419102749 55.9642222222 -131.005194444
8 1419102750 55.9045277778 -131.038083333
9 1419102751 55.8448055556 -131.070888889
10 1419102752 55.7851111111 -131.103611111
11 1419102753 55.7253888889 -131.13625
12 1419102754 55.6656666667 -131.168805556
13 1419102755 55.6059444444 -131.20125
14 1419102756 55.5461944444 -131.233611111
15 1419102757 55.4864444444 -131.265916667
16 1419102758 55.4266944444 -131.298111111
17 1419102759 55.3669444444 -131.330222222
18 1419102760 55.3071944444 -131.36225
19 1419102761 55.2474166667 -131.394194444
20 1419102762 55.1876388889 -131.426055556
21 1419102763 55.1278611111 -131.457833333
22 1419102764 55.0680833333 -131.489555556
23 1419102765 55.0082777778 -131.521138889
24 1419102766 54.9484722222 -131.552694444
25 1419102767 54.8886944444 -131.584138889
26 1419102768 54.8288611111 -131.615527778
27 1419102769 54.7690555556 -131.646805556
28 1419102770 54.7092222222 -131.678027778
29 1419102771 54.6493888889 -131.709138889
30 1419102772 54.5895555556 -131.740194444
31 1419102773 54.5297222222 -131.771166667
32 1419102774 54.4698888889 -131.802055556
33 1419102775 54.4100277778 -131.832888889
34 1419102776 54.3501666667 -131.863611111
35 1419102777 54.2903055556 -131.894277778
36 1419102778 54.2304444444 -131.924861111
37 1419102779 54.1705555556 -131.955388889
38 1419102780 54.1106944444 -131.985805556
39 1419102781 54.0508055556 -132.016166667
40 1419102782 53.9908888889 -132.046444444
41 1419102783 53.931 -132.076638889
42 1419102784 53.8711111111 -132.106777778
43 1419102785 53.8111944444 -132.136833333
44 1419102786 53.7512777778 -132.166833333
45 1419102787 53.6913611111 -132.196722222
46 1419102788 53.6314444444 -132.226555556
47 1419102789 53.5715 -132.256333333
48 1419102790 53.5115555556 -132.286
49 1419102791 53.4516388889 -132.315638889
50 1419102792 53.3916944444 -132.345194444
51 1419102793 53.3317222222 -132.374666667
52 1419102794 53.2717777778 -132.404055556
53 1419102795 53.2118055556 -132.433388889
54 1419102796 53.1518333333 -132.462666667
55 1419102797 53.0918611111 -132.491833333
56 1419102798 53.0318888889 -132.520972222
57 1419102799 52.9719166667 -132.550027778
58 1419102800 52.9119166667 -132.579
59 1419102801 52.8519166667 -132.607944444
60 1419102802 52.7919166667 -132.636777778
61 1419102803 52.7319166667 -132.665555556
62 1419102804 52.6719166667 -132.694277778
63 1419102805 52.6119166667 -132.722916667
64 1419102806 52.5518888889 -132.7515
65 1419102807 52.4918611111 -132.78
66 1419102808 52.4318333333 -132.808444444
67 1419102809 52.3718055556 -132.836833333
68 1419102810 52.3117777778 -132.865138889
69 1419102811 52.2517222222 -132.893388889
70 1419102812 52.1916666667 -132.921555556
71 1419102813 52.1316388889 -132.949694444
72 1419102814 52.0715555556 -132.977722222
73 1419102815 52.0115 -133.005722222
74 1419102816 51.9514444444 -133.033638889
75 1419102817 51.8913611111 -133.0615
76 1419102818 51.8313055556 -133.089305556
77 1419102819 51.7712222222 -133.117027778
78 1419102820 51.7111388889 -133.144722222
79 1419102821 51.6510277778 -133.172333333
80 1419102822 51.5909444444 -133.199861111
81 1419102823 51.5308611111 -133.227361111
82 1419102824 51.47075 -133.254777778
83 1419102825 51.4106388889 -133.282138889
84 1419102826 51.3505277778 -133.309444444
85 1419102827 51.2904166667 -133.336694444
86 1419102828 51.2302777778 -133.363861111
87 1419102829 51.1701666667 -133.390972222
88 1419102830 51.1100277778 -133.418055556
89 1419102831 51.0499166667 -133.445055556
90 1419102832 50.98975 -133.472
91 1419102833 50.9296111111 -133.498888889
92 1419102834 50.8694722222 -133.525694444
93 1419102835 50.8093333333 -133.552472222
94 1419102836 50.7491666667 -133.579166667
95 1419102837 50.689 -133.605833333
96 1419102838 50.6288333333 -133.632416667
97 1419102839 50.5686666667 -133.658944444
98 1419102840 50.5085 -133.685416667
99 1419102841 50.4483333333 -133.711861111
100 1419102842 50.3881388889 -133.738222222
101 1419102843 50.3279722222 -133.764527778
102 1419102844 50.2677777778 -133.790777778
103 1419102845 50.2075833333 -133.816972222
104 1419102846 50.1473888889 -133.843111111
105 1419102847 50.0871944444 -133.869194444