128 none
1 1422537141 -22.8569722222 -54.8246666667
2 1422537142 -22.91775 -54.8394166667
3 1422537143 -22.9785555556 -54.8541666667
4 1422537144 -23.0393333333 -54.8689166667
5 1422537145 -23.1001388889 -54.8836944444
6 1422537146 -23.1609166667 -54.8984722222
7 1422537147 -23.2217222222 -54.91325
8 1422537148 -23.2825 -54.9280555556
9 1422537149 -23.3433055556 -54.9428611111
10 1422537150 -23.4040833333 -54.9576944444
11 1422537151 -23.4648611111 -54.9725277778
12 1422537152 -23.5256666667 -54.9873611111
13 1422537153 -23.5864444444 -55.0021944444
14 1422537154 -23.6472222222 -55.0170555556
15 1422537155 -23.7080277778 -55.0319166667
16 1422537156 -23.7688055556 -55.0468055556
17 1422537157 -23.8295833333 -55.0616944444
18 1422537158 -23.8903611111 -55.0765833333
19 1422537159 -23.9511388889 -55.0915
20 1422537160 -24.0119166667 -55.1064166667
21 1422537161 -24.0726944444 -55.1213333333
22 1422537162 -24.1334722222 -55.1362777778
23 1422537163 -24.19425 -55.1512222222
24 1422537164 -24.2550277778 -55.1661944444
25 1422537165 -24.3158055556 -55.1811666667
26 1422537166 -24.3765833333 -55.1961388889
27 1422537167 -24.4373611111 -55.2111388889
28 1422537168 -24.4981388889 -55.2261388889
29 1422537169 -24.5589166667 -55.2411388889
30 1422537170 -24.6196666667 -55.2561666667
31 1422537171 -24.6804444444 -55.2711944444
32 1422537172 -24.7412222222 -55.2862222222
33 1422537173 -24.802 -55.3012777778
34 1422537174 -24.86275 -55.3163611111
35 1422537175 -24.9235277778 -55.3314166667
36 1422537176 -24.9843055556 -55.3465
37 1422537177 -25.0450555556 -55.3616111111
38 1422537178 -25.1058333333 -55.3767222222
39 1422537179 -25.1665833333 -55.3918333333
40 1422537180 -25.2273611111 -55.4069722222
41 1422537181 -25.2881111111 -55.4221111111
42 1422537182 -25.3488611111 -55.43725
43 1422537183 -25.4096388889 -55.4524166667
44 1422537184 -25.4703888889 -55.4675833333
45 1422537185 -25.5311388889 -55.4827777778
46 1422537186 -25.5919166667 -55.4979722222
47 1422537187 -25.6526666667 -55.5131666667
48 1422537188 -25.7134166667 -55.5283888889
49 1422537189 -25.7741666667 -55.5436111111
50 1422537190 -25.8349166667 -55.5588611111
51 1422537191 -25.8956944444 -55.5741111111
52 1422537192 -25.9564444444 -55.5893611111
53 1422537193 -26.0171944444 -55.6046388889
54 1422537194 -26.0779444444 -55.6199166667
55 1422537195 -26.1386944444 -55.6352222222
56 1422537196 -26.1994444444 -55.6505277778
57 1422537197 -26.2601666667 -55.6658611111
58 1422537198 -26.3209166667 -55.6811944444
59 1422537199 -26.3816666667 -55.6965277778
60 1422537200 -26.4424166667 -55.7118888889
61 1422537201 -26.5031666667 -55.72725
62 1422537202 -26.5638888889 -55.7426388889
63 1422537203 -26.6246388889 -55.7580277778
64 1422537204 -26.6853888889 -55.7734166667
65 1422537205 -26.7461111111 -55.7888333333
66 1422537206 -26.8068611111 -55.8042777778
67 1422537207 -26.8676111111 -55.8196944444
68 1422537208 -26.9283333333 -55.8351666667
69 1422537209 -26.9890833333 -55.8506111111
70 1422537210 -27.0498055556 -55.8660833333
71 1422537211 -27.1105277778 -55.8815833333
72 1422537212 -27.1712777778 -55.8970833333
73 1422537213 -27.232 -55.9125833333
74 1422537214 -27.2927222222 -55.9281111111
75 1422537215 -27.3534722222 -55.9436666667
76 1422537216 -27.4141944444 -55.9591944444
77 1422537217 -27.4749166667 -55.9747777778
78 1422537218 -27.5356388889 -55.9903333333
79 1422537219 -27.5963611111 -56.0059166667
80 1422537220 -27.6571111111 -56.0215277778
81 1422537221 -27.7178333333 -56.0371388889
82 1422537222 -27.7785555556 -56.05275
83 1422537223 -27.8392777778 -56.0683888889
84 1422537224 -27.9 -56.0840555556
85 1422537225 -27.9606944444 -56.0997222222
86 1422537226 -28.0214166667 -56.1153888889
87 1422537227 -28.0821388889 -56.1310833333
88 1422537228 -28.1428611111 -56.1467777778
89 1422537229 -28.2035833333 -56.1625
90 1422537230 -28.2642777778 -56.1782222222
91 1422537231 -28.325 -56.1939722222
92 1422537232 -28.3857222222 -56.2097222222
93 1422537233 -28.4464166667 -56.2255
94 1422537234 -28.5071388889 -56.2412777778
95 1422537235 -28.5678333333 -56.2570555556
96 1422537236 -28.6285555556 -56.2728888889
97 1422537237 -28.68925 -56.2886944444
98 1422537238 -28.7499722222 -56.3045277778
99 1422537239 -28.8106666667 -56.3203888889
100 1422537240 -28.8713611111 -56.33625
101 1422537241 -28.9320833333 -56.3521111111
102 1422537242 -28.9927777778 -56.3680277778
103 1422537243 -29.0534722222 -56.3839166667
104 1422537244 -29.1141666667 -56.3998333333
105 1422537245 -29.1748611111 -56.4157777778
106 1422537246 -29.2355833333 -56.4317222222
107 1422537247 -29.2962777778 -56.4476666667
108 1422537248 -29.3569722222 -56.4636388889
109 1422537249 -29.4176666667 -56.4796388889
110 1422537250 -29.4783333333 -56.4956388889
111 1422537251 -29.5390277778 -56.5116388889
112 1422537252 -29.5997222222 -56.5276666667
113 1422537253 -29.6604166667 -56.5437222222
114 1422537254 -29.7211111111 -56.5597777778
115 1422537255 -29.7818055556 -56.5758611111
116 1422537256 -29.8424722222 -56.5919444444
117 1422537257 -29.9031666667 -56.6080277778
118 1422537258 -29.9638333333 -56.6241666667
119 1422537259 -30.0245277778 -56.6402777778
120 1422537260 -30.0851944444 -56.6564444444
121 1422537261 -30.1458888889 -56.6725833333
122 1422537262 -30.2065555556 -56.6887777778
123 1422537263 -30.26725 -56.7049444444
124 1422537264 -30.3279166667 -56.7211666667
125 1422537265 -30.3885833333 -56.7373888889
126 1422537266 -30.4492777778 -56.7536111111
127 1422537267 -30.5099444444 -56.7698611111
128 1422537268 -30.5706111111 -56.7861388889