129 none
1 1422580340 -13.2232777778 -49.24575
2 1422580341 -13.1622777778 -49.2594166667
3 1422580342 -13.10125 -49.2730555556
4 1422580343 -13.0402222222 -49.2867222222
5 1422580344 -12.9791944444 -49.3003611111
6 1422580345 -12.9181944444 -49.314
7 1422580346 -12.8571666667 -49.3276111111
8 1422580347 -12.7961388889 -49.34125
9 1422580348 -12.7351388889 -49.3548888889
10 1422580349 -12.6741111111 -49.3685
11 1422580350 -12.6130833333 -49.3821111111
12 1422580351 -12.5520555556 -49.3957222222
13 1422580352 -12.4910277778 -49.4093333333
14 1422580353 -12.43 -49.4229444444
15 1422580354 -12.369 -49.4365277778
16 1422580355 -12.3079722222 -49.4501388889
17 1422580356 -12.2469444444 -49.4637222222
18 1422580357 -12.1859166667 -49.4773055556
19 1422580358 -12.1248888889 -49.4908888889
20 1422580359 -12.0638611111 -49.5044722222
21 1422580360 -12.0028333333 -49.5180277778
22 1422580361 -11.9418055556 -49.5316111111
23 1422580362 -11.8807777778 -49.5451666667
24 1422580363 -11.81975 -49.5587222222
25 1422580364 -11.7587222222 -49.5722777778
26 1422580365 -11.6976944444 -49.5858333333
27 1422580366 -11.6366666667 -49.5993888889
28 1422580367 -11.5756388889 -49.6129166667
29 1422580368 -11.5146111111 -49.6264444444
30 1422580369 -11.4535833333 -49.64
31 1422580370 -11.3925555556 -49.6535277778
32 1422580371 -11.3315 -49.6670555556
33 1422580372 -11.2704722222 -49.6805833333
34 1422580373 -11.2094444444 -49.6940833333
35 1422580374 -11.1484166667 -49.7076111111
36 1422580375 -11.0873888889 -49.7211111111
37 1422580376 -11.0263333333 -49.7346388889
38 1422580377 -10.9653055556 -49.7481388889
39 1422580378 -10.9042777778 -49.7616388889
40 1422580379 -10.84325 -49.7751111111
41 1422580380 -10.7822222222 -49.7886111111
42 1422580381 -10.7211666667 -49.8021111111
43 1422580382 -10.6601388889 -49.8155833333
44 1422580383 -10.5991111111 -49.8290555556
45 1422580384 -10.5380555556 -49.8425555556
46 1422580385 -10.4770277778 -49.8560277778
47 1422580386 -10.416 -49.8695
48 1422580387 -10.3549444444 -49.8829444444
49 1422580388 -10.2939166667 -49.8964166667
50 1422580389 -10.2328611111 -49.9098888889
51 1422580390 -10.1718333333 -49.9233333333
52 1422580391 -10.1108055556 -49.9367777778
53 1422580392 -10.04975 -49.9502222222
54 1422580393 -9.98872222222 -49.9636666667
55 1422580394 -9.92766666667 -49.9771111111
56 1422580395 -9.86663888889 -49.9905555556
57 1422580396 -9.80558333333 -50.004
58 1422580397 -9.74455555556 -50.0174166667
59 1422580398 -9.6835 -50.0308611111
60 1422580399 -9.62247222222 -50.0442777778
61 1422580400 -9.56141666667 -50.0576944444
62 1422580401 -9.50038888889 -50.0711111111
63 1422580402 -9.43933333333 -50.0845277778
64 1422580403 -9.37827777778 -50.0979444444
65 1422580404 -9.31725 -50.1113333333
66 1422580405 -9.25619444444 -50.12475
67 1422580406 -9.19516666667 -50.1381388889
68 1422580407 -9.13411111111 -50.1515555556
69 1422580408 -9.07305555556 -50.1649444444
70 1422580409 -9.01202777778 -50.1783333333
71 1422580410 -8.95097222222 -50.1917222222
72 1422580411 -8.88991666667 -50.2051111111
73 1422580412 -8.82888888889 -50.2185
74 1422580413 -8.76783333333 -50.2318611111
75 1422580414 -8.70677777778 -50.24525
76 1422580415 -8.64572222222 -50.2586388889
77 1422580416 -8.58469444444 -50.272
78 1422580417 -8.52363888889 -50.2853611111
79 1422580418 -8.46258333333 -50.2987222222
80 1422580419 -8.40152777778 -50.3120833333
81 1422580420 -8.34047222222 -50.3254444444
82 1422580421 -8.27944444444 -50.3388055556
83 1422580422 -8.21838888889 -50.3521666667
84 1422580423 -8.15733333333 -50.3655
85 1422580424 -8.09627777778 -50.3788611111
86 1422580425 -8.03522222222 -50.3921944444
87 1422580426 -7.97416666667 -50.4055555556
88 1422580427 -7.91313888889 -50.4188888889
89 1422580428 -7.85208333333 -50.4322222222
90 1422580429 -7.79102777778 -50.4455555556
91 1422580430 -7.72997222222 -50.4588888889
92 1422580431 -7.66891666667 -50.4722222222
93 1422580432 -7.60786111111 -50.4855555556
94 1422580433 -7.54680555556 -50.4988611111
95 1422580434 -7.48575 -50.5121944444
96 1422580435 -7.42469444444 -50.5255
97 1422580436 -7.36363888889 -50.5388333333
98 1422580437 -7.30258333333 -50.5521388889
99 1422580438 -7.24152777778 -50.5654444444
100 1422580439 -7.18047222222 -50.57875
101 1422580440 -7.11941666667 -50.5920555556
102 1422580441 -7.05836111111 -50.6053611111
103 1422580442 -6.99730555556 -50.6186666667
104 1422580443 -6.93625 -50.6319722222
105 1422580444 -6.87519444444 -50.6452777778
106 1422580445 -6.81413888889 -50.6585555556
107 1422580446 -6.75308333333 -50.6718611111
108 1422580447 -6.69202777778 -50.6851388889
109 1422580448 -6.63094444444 -50.6984444444
110 1422580449 -6.56988888889 -50.7117222222
111 1422580450 -6.50883333333 -50.725
112 1422580451 -6.44777777778 -50.7382777778
113 1422580452 -6.38672222222 -50.7515555556
114 1422580453 -6.32566666667 -50.7648333333
115 1422580454 -6.26461111111 -50.7781111111
116 1422580455 -6.20352777778 -50.7913888889
117 1422580456 -6.14247222222 -50.8046666667
118 1422580457 -6.08141666667 -50.8179166667
119 1422580458 -6.02036111111 -50.8311944444
120 1422580459 -5.95930555556 -50.8444444444
121 1422580460 -5.89822222222 -50.8577222222
122 1422580461 -5.83716666667 -50.8709722222
123 1422580462 -5.77611111111 -50.8842222222
124 1422580463 -5.71505555556 -50.8975
125 1422580464 -5.65397222222 -50.91075
126 1422580465 -5.59291666667 -50.924
127 1422580466 -5.53186111111 -50.93725
128 1422580467 -5.47077777778 -50.9505
129 1422580468 -5.40972222222 -50.96375