20 none
1 1419088343 -44.7126666667 104.796972222
2 1419088344 -44.6524722222 104.775083333
3 1419088345 -44.5922777778 104.753222222
4 1419088346 -44.5320555556 104.731388889
5 1419088347 -44.4718611111 104.709583333
6 1419088348 -44.4116666667 104.687833333
7 1419088349 -44.3514444444 104.666111111
8 1419088350 -44.2912222222 104.644444444
9 1419088351 -44.2310277778 104.622777778
10 1419088352 -44.1708055556 104.601166667
11 1419088353 -44.1105833333 104.579611111
12 1419088354 -44.0503611111 104.558055556
13 1419088355 -43.9901111111 104.536555556
14 1419088356 -43.9298888889 104.515083333
15 1419088357 -43.8696666667 104.493638889
16 1419088358 -43.8094166667 104.47225
17 1419088359 -43.7491944444 104.450888889
18 1419088360 -43.6889444444 104.429555556
19 1419088361 -43.6286944444 104.40825
20 1419088362 -43.5684444444 104.386972222