35 none
1 1419102743 56.3222777778 -130.805944444
2 1419102744 56.2626111111 -130.839388889
3 1419102745 56.2029444444 -130.872722222
4 1419102746 56.1432777778 -130.905972222
5 1419102747 56.0835833333 -130.939138889
6 1419102748 56.0239166667 -130.972222222
7 1419102749 55.9642222222 -131.005194444
8 1419102750 55.9045277778 -131.038083333
9 1419102751 55.8448055556 -131.070888889
10 1419102752 55.7851111111 -131.103611111
11 1419102753 55.7253888889 -131.13625
12 1419102754 55.6656666667 -131.168805556
13 1419102755 55.6059444444 -131.20125
14 1419102756 55.5461944444 -131.233611111
15 1419102757 55.4864444444 -131.265916667
16 1419102758 55.4266944444 -131.298111111
17 1419102759 55.3669444444 -131.330222222
18 1419102760 55.3071944444 -131.36225
19 1419102761 55.2474166667 -131.394194444
20 1419102762 55.1876388889 -131.426055556
21 1419102763 55.1278611111 -131.457833333
22 1419102764 55.0680833333 -131.489555556
23 1419102765 55.0082777778 -131.521138889
24 1419102766 54.9484722222 -131.552694444
25 1419102767 54.8886944444 -131.584138889
26 1419102768 54.8288611111 -131.615527778
27 1419102769 54.7690555556 -131.646805556
28 1419102770 54.7092222222 -131.678027778
29 1419102771 54.6493888889 -131.709138889
30 1419102772 54.5895555556 -131.740194444
31 1419102773 54.5297222222 -131.771166667
32 1419102774 54.4698888889 -131.802055556
33 1419102775 54.4100277778 -131.832888889
34 1419102776 54.3501666667 -131.863611111
35 1419102777 54.2903055556 -131.894277778